image_width: 2560
image_height: 720
camera_name: usb_camera
camera_matrix:
  rows: 3
  cols: 3
  data: [524.5311783830005, 0.000000, 645.729359376349, 0.000000, 524.0312654561258, 364.81196392209125, 0.000000, 0.000000, 1.000000]
distortion_model: plumb_bob
distortion_coefficients:
  rows: 1
  cols: 5
  data: [-0.030941453530945084, -0.004690060553035204, 0.001371851108543066, 0.00010924151874123159, 0.000000]
rectification_matrix:
  rows: 3
  cols: 3
  data: [1.0, 0.0, 0.0, 0.0, 1.0, 0.0, 0.0, 0.0, 1.0]
projection_matrix:
  rows: 3
  cols: 4
  data: [393.653800, 0.000000, 322.797939, 0.000000, 0.000000, 393.653800, 241.090902, 0.000000, 0.000000, 0.000000, 1.000000, 0.000000]
