image_width: 2560
image_height: 720
camera_name: usb_camera
camera_matrix:
  rows: 3
  cols: 3
  data: [1023.3192729511471, 0.000000, 638.4397169751056, 0.000000, 1022.6521191890206, 500.93637635329935, 0.000000, 0.000000, 1.000000]
distortion_model: plumb_bob
distortion_coefficients:
  rows: 1
  cols: 5
  data: [-0.026060072073729453, 0.04527620500705367, 0.002002155695988297, 0.000645820402853515, 0.000000]
rectification_matrix:
  rows: 3
  cols: 3
  data: [1.0, 0.0, 0.0, 0.0, 1.0, 0.0, 0.0, 0.0, 1.0]
projection_matrix:
  rows: 3
  cols: 4
  data: [393.653800, 0.000000, 322.797939, 0.000000, 0.000000, 393.653800, 241.090902, 0.000000, 0.000000, 0.000000, 1.000000, 0.000000]
