<?xml version="1.0"?>
<opencv_storage>
    <cam1_to_base type_id="opencv-matrix">
        <rows>4</rows>
        <cols>4</cols>
        <dt>d</dt>
        <data>
            -1.0 0.0 0.0 0.0475
            0.0 -0.087155742747658 -0.996194698091745 -0.2840
            0.0 -0.996194698091746 0.087155742747658 0.0
            0.0 0.0 0.0 1.0
        </data>
    </cam1_to_base>
    <cam2_to_cam1 type_id="opencv-matrix">
        <rows>4</rows>
        <cols>4</cols>
        <dt>d</dt>
        <data>
            1.0 0.0 0.0 0.0951
            0.0 1.0 0.0 0.0001
            0.0 0.0 1.0 0.0005
            0.0 0.0 0.0 1.0
        </data>
    </cam2_to_cam1>
    <imu_to_cam1 type_id="opencv-matrix">
        <rows>4</rows>
        <cols>4</cols>
        <dt>d</dt>
        <data>
            1.0 0.0 0.0 0.052658
            0.0 1.0 0.0 0.001967
            0.0 0.0 1.0 0.005124
            0.0 0.0 0.0 1.0
        </data>
    </imu_to_cam1>
</opencv_storage>
