<?xml version="1.0"?>
<opencv_storage>
    <cam1_to_base type_id="opencv-matrix">
        <rows>4</rows>
        <cols>4</cols>
        <dt>d</dt>
        <data>
            -1.0 0.0 0.0 0.0600
            0.0 -0.087155742747658 -0.996194698091745 -0.2840
            0.0 -0.996194698091746 0.087155742747658 0.0
            0.0 0.0 0.0 1.0
        </data>
    </cam1_to_base>
    <cam2_to_cam1 type_id="opencv-matrix">
        <rows>4</rows>
        <cols>4</cols>
        <dt>d</dt>
        <data>
            1.0 0.0 0.0 0.1202
            0.0 1.0 0.0 -0.0002
            0.0 0.0 1.0 0.0001
            0.0 0.0 0.0 1.0
        </data>
    </cam2_to_cam1>
    <imu_to_cam1 type_id="opencv-matrix">
        <rows>4</rows>
        <cols>4</cols>
        <dt>d</dt>
        <data>
            1.0 0.0 0.0 0.014272
            0.0 1.0 0.0 0.075278
            0.0 0.0 1.0 -0.004963
            0.0 0.0 0.0 1.0
        </data>
    </imu_to_cam1>
</opencv_storage>
